1 1
999999 999999
1 999999
5599 1213
14855 17239
23853 13209
20857 20484
12367 1310
25539 20943
30914 27516
26481 3088
11148 353
5335 4230
14287 5405
26953 17304
17310 28420
27279 30177
11023 22291
16019 14060
30098 7639
27485 17724
13697 11403
21313 16272
1528 24705
16727 31589
6886 13763
6700 9403
5988 1273
1207 2844
7750 22669
8079 16347
20720 7438
5723 27034
12396 12498
11145 28942
5305 5856
2627 27399
11877 20748
29854 25514
18014 9572
8725 28417
12293 21195
25143 8887
8580 30948
22428 23836
26209 14130
24349 32111
8276 18301
30532 29021
2646 6007
15362 15301
29179 9631
19104 22718
23297 9574
8696 8923
297 11920
21221 7598
11333 31710
5368 18826
2707 31978
4973 25741
1353 16210
1629 15582
17265 29464
27701 30772
20215 3657
30566 29848
4097 21469
1118 9835
4734 16863
11192 6058
18946 10958
17583 27761
18385 32322
27609 4286
5946 1234
25106 29560
13350 4918
22453 29360
20464 30889
30739 23846
22647 11409
18717 11535
30066 32610
13156 24597
28676 21184
17988 4256
14481 7396
3163 13396
32463 15168
1088 9179
4128 22630
4466 20452
28703 26918
31119 18283
24440 1270
16839 29499
17662 7576
143 10930
11511 23030
30618 1477
21178 6225
2565 4163
26749 23450
25298 16990
4456 10272
24471 25191
16878 4972
4983 13273
31324 2921
30290 6041
4018 6345
5177 380
30387 8355
20773 26378
17720 26977
5352 2946
24009 26329
29539 19742
31086 4538
9466 22423
963 20010
25413 24556
32075 9645
32264 19808
22534 22601
15462 29633
582 2280
24145 17136
5054 2301
21061 3998
20700 1898
29494 22868
30809 9890
25287 12726
3854 15882
21436 10504
7689 19110
22706 25585
5856 21233
2829 15999
21061 16908
7731 8300
23771 32283
13048 26272
1608 15853
32600 1526
26252 25051
7788 19267
19857 21490
7319 23701
20738 13140
5121 24504
27745 20187
27974 27135
26452 13056
6255 7488
30272 20219
21025 5665
18713 29996
18708 3986
31865 15034
14279 24475
8431 31354
18034 12632
19609 32530
18749 8258
27381 6238
11951 6319
16116 8210
12905 8605
19280 12705
10260 29611
5408 6494
29336 360
29866 16097
31630 21712
26744 3757
16121 26132
7854 10000
16176 20378
10394 19530
29983 837
3213 26609
4271 25846
10729 6035
7555 28243
9084 3742
24549 16327
17420 20349
32256 17097
4403 4
18767 16738
110 23822
15445 5865
624 4452
143 24082
22716 29665
4263 16423
26994 28884
19178 18836
1385 8870
2044 26537
21631 23997
2506 29596
23597 13215
22209 28365
21599 12635
21822 21582
16002 23845
15173 9123
29406 14144
9845 2246
6182 16929
28731 17775
14669 21969
4679 16273
28060 17043
12092 22824
18178 1735
5036 30002
31403 7182
17219 19963
30675 8111
26178 158
24797 23097
11055 29129
6815 27242
28875 28608
26113 5968
19525 13733
14278 3502
16301 13302
17065 3233
13483 16983
26540 17795
3953 7826
173 29456
28142 23772
14650 27591
26437 11610
27046 13203
24445 6883
10332 20651
17274 9992
1396 26551
16684 26449
9348 25396
20486 1994
10425 10777
7602 22206
10022 10683
13059 15811
4955 14062
25899 19446
23098 2669
26414 13704
7942 23676
3990 27770
20157 25547
9833 13988
32168 15262
20312 25852
17200 29995
25657 4117
2035 22595
21431 32230
31255 5941
22600 5325
7134 31216
7008 32724
8315 17511
6373 26674
2853 23610
22242 26645
17513 29074
17791 6814
6596 12108
23345 27949
23409 13915
16686 5600
3200 26727
9252 21334
22824 17850
32042 22969
18270 25181
26359 4347
21926 13950
21329 2143
31786 19989
13513 17212
17417 7112
28838 17150
26865 29451
11551 29293
14576 28043
20429 22066
9863 16333
16479 9878
16641 16658
17296 13966
1794 10879
598 19445
18275 20858
4444 19736
1085 24919
3251 26487
3140 22580
7109 5066
15959 19233
29066 6979
11093 13701
7422 531
2609 22461
15826 31535
12873 26885
29025 18772
4083 8348
3047 12616
18265 23075
29165 24932
31112 22854
9736 29263
24515 28831
24259 25868
12573 4055
14554 16951
1607 32015
22953 16011
12198 15742
5603 2216
12712 29019
28807 9235
23385 9981
1552 30079
11057 26945
14317 25675
30256 3372
11312 13643
1326 721
30090 715
7276 11637
30583 30161
8558 1778
23222 9379
21261 4697
9724 14985
18376 25051
20201 19668
9819 13290
22331 287
19603 27547
19010 26837
22624 26703
11924 13812
18220 146
16385 11536
8043 9283
1481 30874
22643 27126
6413 16738
29838 2966
12164 12379
334 5711
15983 15774
29217 20906
18895 28850
2341 8698
13269 30219
16958 27128
8346 11728
29797 12202
16912 6114
7491 2185
8249 16665
2814 4322
12694 5585
22611 29309
22499 15781
28389 15997
5377 25722
980 7815
3124 5312
17042 8486
9102 1780
6642 9582
22955 2665
24450 10720
9119 27465
15643 654
26413 31190
7350 14976
25914 5878
1665 9301
10368 27119
9523 24109
19591 9071
25756 19655
12497 29135
24192 20967
27733 2712
2469 16891
5424 27975
24363 23805
12438 17229
27164 20123
24334 346
30020 31126
6367 11739
19267 4712
3781 28866
15584 19753
745 20613
24992 8883
11792 16489
18072 28933
1299 25600
32639 31461
29327 11248
19975 2762
22749 12279
21357 15608
28741 27180
79 13549
21870 14216
14015 16892
23577 16804
21141 14136
31247 13764
3081 31379
24152 27925
26753 3911
2222 27187
11687 8053
30002 20462
2751 18700
12381 13646
27704 12781
26424 31445
11648 10061
18384 1283
7453 19546
17892 32
1786 7201
6114 4405
14590 17071
18 6236
13795 4470
13840 26681
2630 4851
1151 5833
30714 398
28412 19290
27554 9666
29777 11739
28799 24445
16619 23382
5766 24266
25999 955
32438 20397
26184 5343
424 32078
13732 5828
9320 12378
28703 7451
20355 19623
27616 29191
31841 29207
28835 24100
19669 9406
11255 12744
16627 16455
13737 29577
32546 14995
14464 22527
25202 31140
4906 26315
17199 16570
1399 28887
11702 30907
15813 15328
31623 22488
23228 1842
668 11374
13627 19891
20217 20266
1681 26915
6789 113
16113 31394
30488 13567
8224 15475
24277 5582
28785 8447
7866 14137
23027 25373
20341 19297
18921 27536
20601 21456
25722 12241
31058 5724
24746 28176
30005 22862
24713 27253
31964 10948
6570 4523
25233 14164
25047 9375
9352 29682
29699 20869
31089 7956
384 24093
2894 23828
25459 18228
21634 29653
132 31085
21291 27049
15066 1857
1714 2930
31302 69
27553 7688
9918 19883
27060 16091
9998 14348
26674 14298
14282 31333
31869 19091
11911 1631
26344 13979
32074 24019
20938 32560
2625 9613
1745 13341
12209 21840
3736 16862
30768 10523
28283 3333
27412 14251
30890 23772
32043 21057
25212 22860
31149 4517
5382 8189
30574 13419
27629 13503
11864 12917
22136 20777
16665 10681
3817 22399
20249 2116
23566 27865
25263 6015
4371 32386
3988 19634
16282 13983
21912 710
20493 9233
7059 335
29747 6556
22175 29898
10242 2120
12676 15394
13493 22791
18548 12154
27166 2457
19705 17446
572 4269
9771 12794
25360 19785
24870 32200
12973 1387
1467 3364
29071 14321
9062 10090
3885 17846
10880 2051
11473 13822
26038 26083
680 6676
10170 5206
6933 21553
312 8445
22603 17824
4876 4883
30747 10272
20658 12277
2570 5770
18174 26850
2983 2227
15117 22015
7964 18068
13691 25246
4098 5800
19926 3775
6778 11158
19027 27095
10361 5392
26560 10961
31075 14331
23994 2387
26588 4560
29472 15426
16859 19266
14024 16776
26367 24097
12400 21269
8487 21118
7671 11555
27453 22288
4301 2495
6738 14550
32680 30085
7408 32254
8312 25003
17579 10246
7838 5953
19962 24865
344 28598
6725 6364
22144 30367
20543 21505
30071 22708
22134 13243
28252 17435
23593 30716
31105 7658
25689 284
31519 12519
1826 5315
28488 14738
23884 27144
21022 29541
18974 16602
22595 2906
6002 2207
2960 7086
6159 23068
8202 5348
17458 18581
5393 14350
1134 20021
30427 1608
7862 22448
21537 18821
31161 13094
15384 6798
10862 26187
22691 2119
32751 12229
30919 17460
394 14293
8031 30781
4885 13370
27153 10670
13187 850
25728 19842
2485 643
7107 29153
13202 9177
1559 8423
2906 1776
4816 24743
22327 6421
30358 29808
5910 168
1997 17231
25780 22468
16213 2004
6652 31267
12660 11545
12688 27195
4880 32001
5542 4525
7970 958
20757 24800
28775 19606
22191 4585
9049 23526
21202 4783
21597 2663
15162 23116
20030 9648
4377 11702
31962 31228
2410 6046
30747 10542
3970 6040
15145 29458
21992 19581
23518 21222
26982 7693
22139 5657
31328 10713
16793 20562
20581 30561
32354 20660
7172 14201
14592 31841
6881 4849
19798 12860
16904 19572
25582 7156
25216 14769
23347 4158
31780 22457
20705 27233
12974 32424
24505 31480
6421 30856
25977 30195
18201 32626
25867 480
27931 26358
22781 19561
23091 29886
2609 18461
10365 11373
16086 30579
947 4813
21910 26891
15873 11306
8465 18744
10004 14841
6027 11452
22901 31678
10977 30930
29205 30508
23746 3186
26153 2957
25371 3792
27447 21604
28883 1830
9585 8017
30393 8627
4163 31030
28859 17923
21800 5784
4952 25202
1217 6984
27992 4332
26152 1346
20922 30966
20610 16085
7662 4850
17107 7172
12356 12446
11799 18221
8869 28383
9614 24808
7553 29885
26967 22322
22280 9134
32576 14283
4765 7447
19933 476
13447 16656
28119 15069
15850 2664
9607 19126
17654 27624
17091 25380
15711 4828
18168 30303
9485 13008
6521 250
26900 16024
13335 11018
5862 12947
32242 1162
11720 21552
18575 24830
9346 2736
9002 5719
30555 13614
30797 8983
21060 8669
10657 32693
11092 2706
7685 8003
24948 14978
30173 25422
13148 16716
22956 1798
8894 22330
5862 17822
6080 22211
32511 16374
22704 28501
15560 25976
10739 30034
5115 25664
10815 29529
16148 25727
16139 24774
24419 4897
9539 8572
13152 16301
31295 13026
1854 4461
20726 10795
5059 6096
10095 26587
16214 14860
20601 9350
30042 18951
9628 15067
1978 15992
5455 21218
20165 22601
24939 21122
31549 14145
8672 14150
20138 8671
24487 15713
11764 1161
23544 30703
16945 27622
22460 15997
7100 32392
28485 5068
2951 14798
24125 27090
9906 30216
16348 26370
10332 30173
8030 4301
9657 1258
27829 32617
18532 27052
10619 32465
759 11936
25130 16653
29658 1704
18319 1459
27224 20657
31868 23214
16888 32403
27582 23102
2058 25400
14926 2624
8064 11265
10700 16560
22271 2405
32552 12652
9526 19164
16803 2362
32623 29179
26102 14861
32355 224
14800 23684
17747 2000
9094 19124
24404 13855
2566 22567
1771 29264
30990 19236
3033 15742
21915 31537
19256 26107
13987 14551
28103 19766
13830 25253
24707 17634
19907 19320
15223 18260
5479 22009
2772 3885
29644 26982
11844 21050
6399 9110
17020 9112
21634 27703
18704 16668
7092 19803
652 20465
21645 13619
11968 19587
14478 1305
10075 12700
25592 4564
2236 6861
25917 31000
23812 26128
24756 28749
32112 6315
7312 28817
7654 2904
2323 25600
14029 8610
6399 14387
16674 4242
32334 31238
30920 30859
7970 24223
6432 22131
22271 23980
18394 4115
22584 16619
8715 8129
16807 19696
8063 9020
15521 26403
16464 20951
14121 23816
14519 7642
3684 12483
3875 1317
15694 3803
24712 21782
25514 20798
16122 26029
14655 13189
24186 4078
16705 7290
1040 25479
21006 8407
27418 24499
17691 9041
5347 13150
25389 13781
13943 18570
24780 8210
14518 7921
32500 12087
32424 14828
9231 13054
26128 9619
288 19433
13892 22310
5953 28363
28987 27820
12623 16779
15080 4057
9700 13605
19142 53
30085 241
7093 2171
6429 25384
19972 25407
5290 19108
28623 21204
8759 19943
8075 28781
2314 4959
15583 30338
29982 3817
7093 2678
25300 14483
28050 18806
29413 8358
21794 7332
15003 1252
22552 6261
25665 19214
9013 27479
13272 1193
21669 8088
17419 24578
16530 13443
3941 10864
25588 21196
6594 18393
31142 8238
19971 17271
26047 30290
25606 24028
27423 243
25302 15412
24392 1856
4894 7371
20592 25729
30180 13519
20948 29694
4979 6998
25166 29724
13977 26018
8490 9418
26643 22692
17718 9499
15942 21440
2584 21556
21808 22736
2020 14697
669 21867
10478 14243
6814 4455
12765 4101
22583 26268
4097 30671
15960 9707
25063 17794
1294 19840
28202 31045
26363 29779
31883 9351
25348 3829
17732 29926
17993 29065
27290 26191
4698 13072
12466 24679
5032 21995
26533 17194
15417 22938
15318 9938
5792 6602
24708 21243
25901 7823
18587 12548
16737 16878
25040 15800
20388 20126
1516 15918
23354 31759
5736 15341
28276 27564
30267 3156
15139 2910
22000 26426
26450 337
1531 20689
4661 1274
17229 23248
9564 18777
12838 209
17964 23675
31531 9207
31632 8260
16056 27093
23532 16491
21111 651
22355 18886
32050 6706
29177 18120
9445 31099
747 1352
8984 6546
19197 27011
13163 12105
30724 29285
12403 29042
26694 21252
4804 7820
16943 17774
26191 1443
13382 31396
10735 5745
29023 19430
19774 15561
15633 4401
16557 2870
7274 16647
19412 30943
32482 15726
7686 13997
29582 29243
19753 24496
16022 10384
14020 2239
25321 13220
30554 29535
29743 23234
27639 26599
17664 9365
29192 31457
17747 26530
22895 16818
9529 17430
15575 14974
4043 27330
13381 27462
4704 21860
5616 31827
1028 21544
14675 20952
294 5230
28800 26835
20369 1230
11191 31540
16030 14937
31543 12097
22439 15138
25428 22073
29374 20990
14026 32311
927 20359
27473 23386
13028 23655
7282 19491
6008 16595
12440 32030
9294 17749
21610 28613
7763 4303
16472 26785
11937 10173
31860 2226
25845 28858
5764 5649
15971 25158
32341 14292
1096 15814
31826 10546
6017 31692
30292 10216
31706 19865
30396 8666
14281 22496
10688 26110
23645 2765
17666 23670
18801 15174
3431 2556
549 24945
28454 25219
9615 8310
23583 12059
24493 31622
25711 2838
26270 23580
15681 15465
22546 19842
10726 27477
2816 4504
31529 32070
10647 29393
6364 5883
10102 30590
18871 2535
26655 23119
11619 12503
10665 27670
7377 32726
1974 17103
25808 19277
10917 23006
3807 2671
30473 1943
11327 6356
20825 27651
22349 15204
18921 15585
24335 27767
17688 4844
20749 13115
29643 7260
21858 2645
12315 22703
4370 6603
4683 16809
670 18465
20989 1434
3286 26306
18341 14047
9199 32162
8765 5291
20693 31266
9531 20744
32450 17716
704 30744
18192 1215
9746 23713
12108 3141
588 11720
3467 16579
14676 6685
1793 29656
12046 9176
23759 31274
23759 2658
31517 262
30997 27928
32361 26438
18293 2891
8990 7544
9428 17803
21353 20796
9178 17445
18248 26606
19876 26346
27364 3205
23225 25138
32544 21691
30784 11553
10354 16751
28016 9513
24562 7751
13639 2768
31408 1177
24703 15284
15179 1420
21438 19916
8639 16250
13837 28656
28031 25241
9099 13212
1476 26843
30818 9201
15396 1298
18427 19964
7526 3416
21614 7739
17557 25774
6717 14173
25683 10211
17473 9802
31344 8632
7140 5987
25019 19009
18833 28939
13848 21902
31081 30566
16083 5515
14392 23904
21300 13093
7335 26354
27988 686
4275 161
24366 30595
20317 28743
24057 31468
27299 789
22454 10819
28080 23769
18181 16473
28496 19581
31036 11797
10406 18896
31418 9822
25633 138
7545 8507
22700 3210
19939 6713
17701 19297
10727 3598
24593 26388
3659 31611
28558 32286
3652 27511
7560 3253
2372 17545
23600 31566
21267 28022
28330 30307
8737 796
27142 29556
14363 9630
17010 1868
30908 8385
14510 29061
25318 29590
15296 334
8177 31578
4840 14188
7491 17818
25558 18815
25632 19866
26907 27271
9156 10488
27870 31910
8623 26509
23504 4136
1089 10900
1122 21440
11142 14094
22069 23060
3155 1893
13777 22652
16786 8271
14491 17159
18394 11509
23809 27072
5955 9813
4856 31535
3960 2532
10408 4130
27149 25464
28517 9389
10003 11878
11490 8815
10218 20967
11425 24599
27735 15553
1454 14887
9686 25635
26765 10488
5426 10704
2417 30718
26194 28031
31407 590
32342 19842
2929 6237
28643 23207
32431 29451
2490 17244
11867 22496
13200 14870
28380 21141
3354 6899
18110 10198
871 5278
20136 25926
20594 22643
19854 12996
6392 5603
25895 18669
7303 17690
25250 12513
11224 1248
1941 12618
22878 4029
24374 3227
6175 3169
29645 29846
15555 15682
30825 22289
5354 21383
15058 26617
2243 26917
29120 3223
31451 26184
15178 3090
23090 22004
24481 10550
6804 28140
11262 2419
1830 19923
31193 3369
9024 14737
13916 32035
3450 21240
32279 12641
6410 5800
8437 5402
4429 8239
8815 11265
23459 31093
2559 31944
27520 31064
6104 1250
15552 30099
12756 6542
18491 19428
7342 23057
9882 1646
21873 5954
21865 8028
7984 21580
21101 10183
6392 17584
311 21977
28675 27529
3833 15923
558 16404
18585 15501
1197 31599
5892 20380
766 29601
5573 27705
18971 10203
30678 3007
5108 25086
11957 31157
1820 4444
1979 9389
24259 17091
13226 30315
20196 22968
27781 30538
30911 28416
11684 16604
906 30821
12807 977
11620 7606
11499 9498
26762 24336
28827 13902
22733 28764
30601 19788
17732 28185
925 32546
21054 20316
18381 557
6010 14612
20462 15234
26267 5779
6857 15245
21974 6986
6770 28152
25326 4564
3797 206
16994 7223
28306 18145
12005 18790
21003 6505
19726 9226
5306 31981
30545 7809
8393 3431
1582 39
6364 30115
26792 14293
21554 30184
8441 14248
24812 15834
31108 15876
172 7583
1547 12248
21346 21057
17698 26659
9315 29011
30179 8375
3516 14296
30180 22589
26053 16480
15206 22905
11001 25716
16335 18383
25092 19764
28251 21766
6686 30527
27406 1101
2968 11731
17901 7803
1204 16694
28269 15259
6330 31828
31532 1448
17736 7593
6623 6293
490 22369
15243 9104
28138 6846
20729 12168
4202 12987
11108 12013
24239 29167
21876 15031
31936 30643
30832 8361
27696 20615
8623 9943
7480 30130
31823 10342
5641 28713
21290 28563
9311 8882
28422 28918
19802 32585
9484 19464
28554 11203
10620 13540
19272 22961
31390 11082
25933 21895
30716 8937
30589 4350
31182 222
25604 11446
31926 4728
24228 17696
13741 24894
16461 1691
8765 2099
14575 19677
26866 28248
21388 20885
7691 2675
145 11854
16500 5135
6758 13719
761 17860
6212 26465
13748 5304
25415 1192
25543 358
452 1622
31057 26014
3292 31588
1434 25549
9297 4674
28049 23423
21657 20857
8825 1826
9009 17295
12511 9997
13620 6698
15311 24001
17452 3193
14407 8558
21800 29904
31980 26297
26127 29074
31228 26812
1331 3412
11652 12878
1833 12863
10195 19589
20185 27830
13358 13946
23505 16697
31173 2636
4831 6538
10470 29544
29918 3342
2161 23047
14288 2165
30604 26616
30253 6302
14231 19103
26747 23732
4707 22078
23839 25502
12446 28275
25203 30870
13458 22530
22296 8983
27920 22485
21646 24061
13478 17217
10241 18920
20760 25995
19814 24289
26382 24235
8391 24896
22027 24399
14811 7628
4254 26147
9690 12581
17628 25168
29583 24159
26893 24386
17839 14576
166 7599
24425 9676
11640 15829
24382 30670
24870 24323
7187 11098
17116 22618
22661 1345
7486 28373
16508 6372
26783 11399
25859 31133
17780 15652
10839 7002
31496 29635
23613 9867
20081 24034
23705 17215
17858 1963
8253 8073
11138 21878
28159 13609
26205 5774
5134 4712
31002 13624
1926 10820
16077 10225
8769 28621
14158 2040
29425 16591
30697 28940
21355 25521
5207 3703
14662 7325
5101 31051
29861 7650
18196 19436
20817 22422
4345 3790
19979 27263
31110 25216
24096 16948
7056 2794
26941 6783
17234 16339
32133 29702
20762 26278
26593 15402
13378 6517
9879 11312
4706 7998
27167 9118
28356 14701
6194 488
26136 27299
1315 17228
21097 6838
22386 25851
27472 15353
18847 21625
13928 21949
15932 28230
23553 6167
23110 20414
13337 23780
6581 62
8072 14859
4690 13704
378 2306
22729 14185
27938 1940
15359 9881
23469 30177
19109 10978
32373 21926
22286 19588
376 11966
27965 31961
21000 31977
28483 4661
15812 10957
19400 15120
32198 15930
743 11367
542 6578
27967 3935
4479 30505
31046 29228
4409 9
21217 16433
2407 9849
10546 1384
14698 9183
1713 261
20630 16547
28543 19286
7978 18743
14839 4846
21382 21588
21893 13570
6040 16006
29627 13587
8856 32490
18337 22477
4853 14646
20301 25904
9359 12539
23476 21997
5926 551
19136 28691
22802 17102
10147 5866
18997 29226
9578 21023
11055 22752
10197 20514
3280 16004
20070 26573
21459 6240
13752 23878
9417 5489
25362 28198
19539 11187
3644 26843
30612 2719
15761 21323
20710 5873
26710 25785
21708 21422
4938 22253
29481 23654
7038 21135
20655 21686
9063 31445
15513 28946
22066 23646
11933 31937
30039 17245
24860 297
25713 15609
23453 29261
10061 18420
377 1172
1601 30859
30935 4044
19647 5022
32219 9070
22057 25873
30235 12324
23783 21874
22611 27272
16312 732
15449 19247
12613 24859
10067 20454
1532 9488
26663 25147
5147 32599
6195 1856
23051 27176
5183 15499
24304 3707
431 9857
382 1136
13309 29653
10510 29421
1639 6731
3313 21129
32229 20674
1540 22441
18270 27249
7812 18408
26139 30577
21540 16061
9852 20091
16477 9560
10474 25588
6918 25036
6412 4646
19236 371
25918 14033
31235 25230
2623 18914
23686 8493
18217 20866
9915 19279
19879 22354
23986 8265
16994 17141
31632 24428
8636 15824
6623 27106
23745 1037
5672 15321
16986 18150
25796 228
2244 1056
1519 18333
2881 30421
20766 6288
4110 1399
2707 29780
10900 20754
30510 31995
3554 18897
25222 20141
25435 27844
19256 19343
31148 3808
10623 24297
24578 22856
1029 31625
16761 23243
18169 22882
5335 21165
4450 13945
29818 6314
27827 7938
12943 17976
8863 197
32133 1293
9518 3527
10433 9953
15633 12839
28052 27253
29235 8518
14442 4564
25232 15914
22084 11736
31562 25381
5736 17137
18425 19633
13398 11042
19523 11167
7679 22860
7086 8817
27186 25007
9137 12804
4951 27566
23569 22898
19039 28882
20843 27958
30203 27922
15884 27025
12812 25682
9481 17453
25435 24873
9101 257
13195 20711
27757 3700
2380 24791
8706 11461
20689 16577
567 25770
10371 28339
6369 20791
17911 28673
27727 16642
10013 7051
22562 29317
25531 22846
2655 28611
13082 31454
22211 19759
31232 4610
21591 20425
29917 26464
31044 16010
21065 30538
10471 25346
20910 6009
26664 32064
14914 10762
11272 12018
15929 454
30330 8653
7736 23462
13684 27951
8460 4502
6213 32515
13212 27258
20265 3046
17692 11119
26907 19079
13188 20051
17386 32340
23617 391
17039 5459
9514 21747
15806 23885
4533 14411
25275 5170
14443 11921
29807 22457
11417 23260
8891 14407
12361 19031
27660 29458
17008 8076
15664 6022
23913 739
17256 7144
31138 31845
9406 9529
10390 6854
4760 1629
23547 2979
27278 14972
11580 2312
22905 24233
14633 16437
13516 28353
25582 5538
32296 18838
6465 27200
17706 16461
23776 17922
23432 13573
16187 2972
3932 3258
2669 6539
24511 30824
15217 31829
24474 22899
7059 5650
15033 17734
3620 24363
4385 27706
26226 9314
7332 26554
23032 26130
21682 13222
25297 15544
1138 22260
9843 26291
1809 32669
13465 25416
7771 5559
12929 16105
6024 2526
18008 29879
12888 25305
22259 2373
32354 20091
29631 17055
8872 14790
30971 8587
17264 13399
17444 14
31311 8958
3249 31026
5255 1452
13569 32263
2963 21650
10130 15336
27647 14471
5235 14335
7805 8874
8956 17420
18230 1865
27580 12385
12126 16386
20147 24369
27915 22824
31169 7435
15687 20073
13151 25250
17507 31405
15757 25551
10383 16192
25867 4057
15016 9780
4300 26355
8529 1025
26024 18694
14917 23663
21073 8625
9708 3766
6024 5519
12588 3299
8337 5304
4481 8829
16356 30346
10064 3689
9253 681
14968 29707
6486 2884
25899 26542
27212 31898
8444 6694
30303 1469
10808 26547
20326 16022
11642 20009
29667 28458
29562 3662
31098 23579
32550 31876
15272 15474
20980 17576
25265 15515
19062 9529
22234 12977
20783 26045
29657 26621
18341 3168
4234 7097
28087 5855
12003 8985
12593 15012
26666 19084
7070 28723
26981 23615
21085 19908
5139 28642
23799 30001
5913 26544
9648 6419
5119 16041
26716 23848
9308 3106
884 5625
21391 24704
24425 11193
24752 24385
24632 9327
23751 14908
5439 6488
31035 29225
6991 7046
6797 99
25858 19406
837 19949
23887 10721
11053 7091
6235 24249
5822 16403
1682 1591
17112 23964
24055 15370
30902 30486
11704 28626
7712 1218
20486 17541
21986 28387
11811 32530
1150 4476
2749 18501
3358 11612
18042 17899
23244 27224
21204 20278
2533 20184
18215 16483
17867 20629
19464 12697
11995 25248
20697 5397
23711 9383
16282 132
20548 6004
8962 9648
27470 31414
29391 15967
16010 14340
31322 28536
17732 32543
3438 26472
24763 30583
32602 15300
10194 10993
